$ 1 0.000005 10.20027730826997 50 5 43 5e-11
v 64 320 64 160 0 0 40 3.3 0 0 0.5
r 112 160 112 240 0 100000
r 112 240 112 320 0 100000
w 64 160 112 160 0
w 64 320 112 320 0
w 112 240 176 240 0
w 176 96 176 240 0
r 176 -16 304 -16 0 4700
w 304 -16 304 80 0
w 176 -16 176 64 0
g 64 320 64 336 0 0
368 176 240 224 240 0 0
368 304 80 352 80 0 0
r 176 64 80 64 0 100000
R 80 64 32 64 0 0 60 0 0 0 0.5
368 176 -16 176 -64 0 0
a 176 80 304 80 8 15 -15 1000000 1.6499827246808727 1.65 100000
g 320 160 320 176 0 0
o 12 64 0 12291 1.7275319127408737 0.0001 0 1
