$ 1 0.000005 10.20027730826997 50 5 43 5e-11
R 128 -32 80 -32 0 1 60 10 0 0 0.5
368 304 80 352 80 0 0
368 128 208 176 208 0 0
g -32 272 -32 288 0 0
w -32 192 32 192 0
r -32 192 -32 272 0 10000
r -32 112 -32 192 0 10000
a 176 80 304 80 9 15 -15 1000000 1.5446499579102067 1.5446654044097858 100000
a 32 208 128 208 9 15 -15 1000000 1.6499835001649983 1.65 100000
R -32 112 -32 80 0 0 40 3.3 0 0 0.5
w 32 224 32 256 0
w 32 256 128 256 0
w 128 208 128 256 0
w 176 96 176 144 0
w 176 144 304 144 0
w 304 80 304 144 0
r 128 208 128 64 0 750
w 128 64 176 64 0
r 128 64 128 -32 0 11000
g 160 -32 192 -32 0 0
o 0 64 0 4099 10 3.2 0 2 1 0
